%                            vmat                              
%%%%%%%%%%%%%%%%%%%%%%%%%%%%%%%%%%%%%%%%%%%%%%%%%%%%%%%%%%%%%%%
%    k     =  0.33333333  0.33333333  0.00000000  in b_i
%    B1    =  0.93351471  0.53896497  0.00000000  in bohr^-1
%    B2    =  0.00000000  1.07792993  0.00000000  in bohr^-1
%    B3    =  0.00000000  0.00000000  0.11083062  in bohr^-1
%    k     =  0.31117157  0.53896497  0.00000000  in bohr^-1
% On bands :   25   26
% <psi| sigma_x |psi>
      sigx( 1:    2,    1:    2)=[
( -0.676184E-08 +0.642330E-19i) ( +0.868410E+00 +0.481852E+00i) 
( +0.868410E+00 -0.481852E+00i) ( +0.658112E-08 +0.113764E-19i) 
];
% trace = (    +1.00000    +0.00000i)
% <psi| sigma_y |psi>
      sigy( 1:    2,    1:    2)=[
( -0.757956E-08 -0.444929E-19i) ( +0.481852E+00 -0.868410E+00i) 
( +0.481852E+00 +0.868410E+00i) ( +0.718916E-08 +0.150499E-19i) 
];
% trace = (    +1.00000    +0.00000i)
% <psi| sigma_z |psi>
      sigz( 1:    2,    1:    2)=[
( +0.975907E+00 -0.647294E-18i) ( +0.920068E-08 -0.308642E-08i) 
( +0.920068E-08 +0.308642E-08i) ( -0.999985E+00 -0.916440E-19i) 
];
% trace = (    +0.97592    +0.00000i)
