%                            vmat                              
%%%%%%%%%%%%%%%%%%%%%%%%%%%%%%%%%%%%%%%%%%%%%%%%%%%%%%%%%%%%%%%
%    k     =  0.33333333  0.33333333  0.00000000  in b_i
%    B1    =  0.93351471  0.53896497  0.00000000  in bohr^-1
%    B2    =  0.00000000  1.07792993  0.00000000  in bohr^-1
%    B3    =  0.00000000  0.00000000  0.11083062  in bohr^-1
%    k     =  0.31117157  0.53896497  0.00000000  in bohr^-1
% On bands :   25   26
% 
% Rotation :
%            n  = [  1.000000  0.000000  0.000000] in cart.
%    rot_angle  =  180.000000 in deg.
%          det  =   -1.000000
%      rot_tau  = [  0.000000  0.000000  0.000000] in direc.
% with time reversal 
%    R^-1 k + k = [  0.000000  1.000000 -0.000000 ]  in b_i
%          sig  = [(  0.000000 -1.000000i)  ( -0.000000  0.000000i)  
%                  (  0.000000  0.000000i)  (  0.000000  1.000000i)   ];
% <psi| Rot |psi>
       MxT( 1:    2,    1:    2)=[
( -0.968106E+00 -0.250540E+00i) ( -0.645984E-08 +0.167243E-08i) 
( -0.645984E-08 +0.167243E-08i) ( +0.724901E+00 -0.688853E+00i) 
];
% trace = (    +0.75679    +0.00000i)
