%                            vmat                              
%%%%%%%%%%%%%%%%%%%%%%%%%%%%%%%%%%%%%%%%%%%%%%%%%%%%%%%%%%%%%%%
%    k     =  0.33333333  0.33333333  0.00000000  in b_i
%    B1    =  0.93347752  0.53894350  0.00000000  in bohr^-1
%    B2    =  0.00000000  1.07788700  0.00000000  in bohr^-1
%    B3    =  0.00000000  0.00000000  0.11083062  in bohr^-1
%    k     =  0.31115917  0.53894350  0.00000000  in bohr^-1
% On bands :   25   26
% 
% Rotation :
%            n  = [  0.000000  0.000000  1.000000] in cart.
%    rot_angle  =  180.000000 in deg.
%          det  =   -1.000000
%      rot_tau  = [  0.000000  0.000000  0.000000] in direc.
%    R^-1 k - k = [  0.000000 -0.000000  0.000000 ]  in b_i
%          sig  = [(  0.000000 -1.000000i)  (  0.000000  0.000000i)  
%                  (  0.000000  0.000000i)  (  0.000000  1.000000i)   ];
% <psi| Rot |psi>
        Mz( 1:    2,    1:    2)=[
( +0.101079E-15 -0.100000E+01i) ( -0.138417E-08 +0.611746E-09i) 
( +0.138417E-08 +0.611746E-09i) ( +0.142796E-15 +0.100000E+01i) 
];
% trace = (    +0.00000    +0.00000i)
