%                            vmat                              
%%%%%%%%%%%%%%%%%%%%%%%%%%%%%%%%%%%%%%%%%%%%%%%%%%%%%%%%%%%%%%%
%    k     =  0.33333333  0.33333333  0.00000000  in b_i
%    B1    =  0.93347752  0.53894350  0.00000000  in bohr^-1
%    B2    =  0.00000000  1.07788700  0.00000000  in bohr^-1
%    B3    =  0.00000000  0.00000000  0.11083062  in bohr^-1
%    k     =  0.31115917  0.53894350  0.00000000  in bohr^-1
% On bands :   25   26
% 
% Rotation :
%            n  = [  1.000000  0.000000  0.000000] in cart.
%    rot_angle  =  180.000000 in deg.
%          det  =   -1.000000
%      rot_tau  = [  0.000000  0.000000  0.000000] in direc.
% with time reversal 
%    R^-1 k + k = [  0.000000  1.000000 -0.000000 ]  in b_i
%          sig  = [(  0.000000 -1.000000i)  ( -0.000000  0.000000i)  
%                  (  0.000000  0.000000i)  (  0.000000  1.000000i)   ];
% <psi| Rot |psi>
       MxT( 1:    2,    1:    2)=[
( -0.219739E+00 -0.975559E+00i) ( +0.105582E-08 +0.835012E-09i) 
( +0.105582E-08 +0.835013E-09i) ( +0.999940E+00 -0.109545E-01i) 
];
% trace = (    +0.78020    +0.00000i)
