%                            vmat                              
%%%%%%%%%%%%%%%%%%%%%%%%%%%%%%%%%%%%%%%%%%%%%%%%%%%%%%%%%%%%%%%
%    k     =  0.33333333  0.33333333  0.00000000  in b_i
%    B1    =  0.93347752  0.53894350  0.00000000  in bohr^-1
%    B2    =  0.00000000  1.07788700  0.00000000  in bohr^-1
%    B3    =  0.00000000  0.00000000  0.11083062  in bohr^-1
%    k     =  0.31115917  0.53894350  0.00000000  in bohr^-1
% On bands :   25   26
% 
% Rotation :
%            n  = [  0.000000  0.000000  1.000000] in cart.
%    rot_angle  =  120.000000 in deg.
%          det  =    1.000000
%      rot_tau  = [  0.000000  0.000000  0.000000] in direc.
%    R^-1 k - k = [ -1.000000  0.000000  0.000000 ]  in b_i
%          sig  = [(  0.500000 -0.866025i)  (  0.000000  0.000000i)  
%                  (  0.000000  0.000000i)  (  0.500000  0.866025i)   ];
% <psi| Rot |psi>
       C3z( 1:    2,    1:    2)=[
( -0.100000E+01 -0.247145E-11i) ( +0.105817E-08 +0.773233E-09i) 
( -0.140554E-09 -0.130302E-08i) ( +0.500000E+00 -0.866025E+00i) 
];
% trace = (    +0.50000    +0.00000i)
