%                            vmat                              
%%%%%%%%%%%%%%%%%%%%%%%%%%%%%%%%%%%%%%%%%%%%%%%%%%%%%%%%%%%%%%%
%    k     =  0.33333333  0.33333333  0.00000000  in b_i
%    B1    =  0.93347752  0.53894350  0.00000000  in bohr^-1
%    B2    =  0.00000000  1.07788700  0.00000000  in bohr^-1
%    B3    =  0.00000000  0.00000000  0.11083062  in bohr^-1
%    k     =  0.31115917  0.53894350  0.00000000  in bohr^-1
% On bands :   25   26
% <psi| sigma_x |psi>
      sigx( 1:    2,    1:    2)=[
( -0.125854E-08 +0.641999E-19i) ( -0.763178E+00 -0.617282E+00i) 
( -0.763178E+00 +0.617282E+00i) ( +0.137172E-08 +0.710355E-19i) 
];
% trace = (    +0.00000    +0.00000i)
% <psi| sigma_y |psi>
      sigy( 1:    2,    1:    2)=[
( +0.541060E-09 -0.152620E-18i) ( -0.617282E+00 +0.763178E+00i) 
( -0.617282E+00 -0.763178E+00i) ( -0.709463E-09 +0.180472E-19i) 
];
% trace = (    +1.00000    +0.00000i)
% <psi| sigma_z |psi>
      sigz( 1:    2,    1:    2)=[
( +0.936189E+00 +0.163287E-17i) ( -0.623060E-09 -0.141563E-08i) 
( -0.623060E-09 +0.141563E-08i) ( -0.999610E+00 -0.238935E-17i) 
];
% trace = (    +0.93658    +0.00000i)
