%                            vmat                              
%%%%%%%%%%%%%%%%%%%%%%%%%%%%%%%%%%%%%%%%%%%%%%%%%%%%%%%%%%%%%%%
%    k     =  0.33333333  0.33333333  0.00000000  in b_i
%    B1    =  0.99957814  0.57710671  0.00000000  in bohr^-1
%    B2    =  0.00000000  1.15421342  0.00000000  in bohr^-1
%    B3    =  0.00000000  0.00000000  0.11083062  in bohr^-1
%    k     =  0.33319271  0.57710671  0.00000000  in bohr^-1
% On bands :   25   26
% <psi| sigma_x |psi>
      sigx( 1:    2,    1:    2)=[
( +0.536149E-09 -0.803589E-18i) ( +0.592552E+00 +0.795642E+00i) 
( +0.592552E+00 -0.795642E+00i) ( -0.513290E-09 -0.126186E-18i) 
];
% trace = (    +0.00000    +0.00000i)
% <psi| sigma_y |psi>
      sigy( 1:    2,    1:    2)=[
( -0.353221E-09 +0.350403E-18i) ( +0.795642E+00 -0.592552E+00i) 
( +0.795642E+00 +0.592552E+00i) ( +0.371204E-09 +0.125410E-18i) 
];
% trace = (    +0.00000    +0.00000i)
% <psi| sigma_z |psi>
      sigz( 1:    2,    1:    2)=[
( +0.976162E+00 -0.694922E-17i) ( +0.615779E-11 -0.623432E-09i) 
( +0.615779E-11 +0.623432E-09i) ( -0.999324E+00 +0.301400E-17i) 
];
% trace = (    +0.97684    +0.00000i)
