%                            vmat                              
%%%%%%%%%%%%%%%%%%%%%%%%%%%%%%%%%%%%%%%%%%%%%%%%%%%%%%%%%%%%%%%
%    k     =  0.33333333  0.33333333  0.00000000  in b_i
%    B1    =  0.99957814  0.57710671  0.00000000  in bohr^-1
%    B2    =  0.00000000  1.15421342  0.00000000  in bohr^-1
%    B3    =  0.00000000  0.00000000  0.11083062  in bohr^-1
%    k     =  0.33319271  0.57710671  0.00000000  in bohr^-1
% On bands :   25   26
% 
% Rotation :
%            n  = [  0.000000  0.000000  1.000000] in cart.
%    rot_angle  =  120.000000 in deg.
%          det  =    1.000000
%      rot_tau  = [  0.000000  0.000000  0.000000] in direc.
%    R^-1 k - k = [ -1.000000  0.000000  0.000000 ]  in b_i
%          sig  = [(  0.500000 -0.866025i)  (  0.000000  0.000000i)  
%                  (  0.000000  0.000000i)  (  0.500000  0.866025i)   ];
% <psi| Rot |psi>
       C3z( 1:    2,    1:    2)=[
( -0.100000E+01 -0.473239E-11i) ( +0.290452E-09 +0.483024E-09i) 
( -0.273083E-09 -0.493046E-09i) ( +0.500000E+00 -0.866025E+00i) 
];
% trace = (    +0.50000    +0.00000i)
