%                            vmat                              
%%%%%%%%%%%%%%%%%%%%%%%%%%%%%%%%%%%%%%%%%%%%%%%%%%%%%%%%%%%%%%%
%    k     =  0.33333333  0.33333333  0.00000000  in b_i
%    B1    =  0.99957814  0.57710671  0.00000000  in bohr^-1
%    B2    =  0.00000000  1.15421342  0.00000000  in bohr^-1
%    B3    =  0.00000000  0.00000000  0.11083062  in bohr^-1
%    k     =  0.33319271  0.57710671  0.00000000  in bohr^-1
% On bands :   25   26
% 
% Rotation :
%            n  = [  1.000000  0.000000  0.000000] in cart.
%    rot_angle  =  180.000000 in deg.
%          det  =   -1.000000
%      rot_tau  = [  0.000000  0.000000  0.000000] in direc.
% with time reversal 
%    R^-1 k + k = [  0.000000  1.000000 -0.000000 ]  in b_i
%          sig  = [(  0.000000 -1.000000i)  ( -0.000000  0.000000i)  
%                  (  0.000000  0.000000i)  (  0.000000  1.000000i)   ];
% <psi| Rot |psi>
       MxT( 1:    2,    1:    2)=[
( +0.991487E+00 -0.130203E+00i) ( -0.257939E-09 +0.461619E-09i) 
( -0.257939E-09 +0.461619E-09i) ( +0.408773E+00 +0.912636E+00i) 
];
% trace = (    +0.40026    +0.00000i)
