%                            vmat                              
%%%%%%%%%%%%%%%%%%%%%%%%%%%%%%%%%%%%%%%%%%%%%%%%%%%%%%%%%%%%%%%
%    k     =  0.33333333  0.33333333  0.00000000  in b_i
%    B1    =  0.99812009  0.57626490  0.00000000  in bohr^-1
%    B2    =  0.00000000  1.15252981  0.00000000  in bohr^-1
%    B3    =  0.00000000  0.00000000  0.11083062  in bohr^-1
%    k     =  0.33270670  0.57626490  0.00000000  in bohr^-1
% On bands :   25   26
% 
% Rotation :
%            n  = [  0.000000  0.000000  1.000000] in cart.
%    rot_angle  =  120.000000 in deg.
%          det  =    1.000000
%      rot_tau  = [  0.000000  0.000000  0.000000] in direc.
%    R^-1 k - k = [ -1.000000  0.000000  0.000000 ]  in b_i
%          sig  = [(  0.500000 -0.866025i)  (  0.000000  0.000000i)  
%                  (  0.000000  0.000000i)  (  0.500000  0.866025i)   ];
% <psi| Rot |psi>
       C3z( 1:    2,    1:    2)=[
( -0.100000E+01 -0.661178E-10i) ( +0.146197E-04 -0.100352E-05i) 
( +0.817891E-05 -0.121592E-04i) ( +0.500000E+00 -0.866025E+00i) 
];
% trace = (    +0.50000    +0.00000i)
