%                            vmat                              
%%%%%%%%%%%%%%%%%%%%%%%%%%%%%%%%%%%%%%%%%%%%%%%%%%%%%%%%%%%%%%%
%    k     =  0.33333333  0.33333333  0.00000000  in b_i
%    B1    =  0.99812009  0.57626490  0.00000000  in bohr^-1
%    B2    =  0.00000000  1.15252981  0.00000000  in bohr^-1
%    B3    =  0.00000000  0.00000000  0.11083062  in bohr^-1
%    k     =  0.33270670  0.57626490  0.00000000  in bohr^-1
% On bands :   25   26
% <psi| sigma_x |psi>
      sigx( 1:    2,    1:    2)=[
( -0.151231E-04 +0.144653E-17i) ( -0.611976E+00 -0.788519E+00i) 
( -0.611976E+00 +0.788519E+00i) ( +0.151972E-04 +0.195953E-19i) 
];
% trace = (    +0.00000    +0.00000i)
% <psi| sigma_y |psi>
      sigy( 1:    2,    1:    2)=[
( -0.744141E-05 +0.107135E-19i) ( -0.788519E+00 +0.611976E+00i) 
( -0.788519E+00 -0.611976E+00i) ( +0.742883E-05 +0.671377E-20i) 
];
% trace = (    +1.00000    +0.00000i)
% <psi| sigma_z |psi>
      sigz( 1:    2,    1:    2)=[
( +0.993555E+00 -0.150734E-16i) ( -0.151715E-04 -0.744149E-05i) 
( -0.151715E-04 +0.744149E-05i) ( -0.999965E+00 -0.426274E-17i) 
];
% trace = (    +0.99359    +0.00000i)
