%                            vmat                              
%%%%%%%%%%%%%%%%%%%%%%%%%%%%%%%%%%%%%%%%%%%%%%%%%%%%%%%%%%%%%%%
%    k     =  0.33333333  0.33333333  0.00000000  in b_i
%    B1    =  0.99812009  0.57626490  0.00000000  in bohr^-1
%    B2    =  0.00000000  1.15252981  0.00000000  in bohr^-1
%    B3    =  0.00000000  0.00000000  0.11083062  in bohr^-1
%    k     =  0.33270670  0.57626490  0.00000000  in bohr^-1
% On bands :   25   26
% 
% Rotation :
%            n  = [  0.000000  0.000000  1.000000] in cart.
%    rot_angle  =  180.000000 in deg.
%          det  =   -1.000000
%      rot_tau  = [  0.000000  0.000000  0.000000] in direc.
%    R^-1 k - k = [  0.000000 -0.000000  0.000000 ]  in b_i
%          sig  = [(  0.000000 -1.000000i)  (  0.000000  0.000000i)  
%                  (  0.000000  0.000000i)  (  0.000000  1.000000i)   ];
% <psi| Rot |psi>
        Mz( 1:    2,    1:    2)=[
( +0.978933E-16 -0.100000E+01i) ( -0.743714E-05 +0.151990E-04i) 
( +0.743714E-05 +0.151990E-04i) ( -0.114901E-15 +0.100000E+01i) 
];
% trace = (    +1.00000    +0.00000i)
