%                            vmat                              
%%%%%%%%%%%%%%%%%%%%%%%%%%%%%%%%%%%%%%%%%%%%%%%%%%%%%%%%%%%%%%%
%    k     =  0.33333333  0.33333333  0.00000000  in b_i
%    B1    =  0.99812009  0.57626490  0.00000000  in bohr^-1
%    B2    =  0.00000000  1.15252981  0.00000000  in bohr^-1
%    B3    =  0.00000000  0.00000000  0.11083062  in bohr^-1
%    k     =  0.33270670  0.57626490  0.00000000  in bohr^-1
% On bands :   25   26
% 
% Rotation :
%            n  = [  1.000000  0.000000  0.000000] in cart.
%    rot_angle  =  180.000000 in deg.
%          det  =   -1.000000
%      rot_tau  = [  0.000000  0.000000  0.000000] in direc.
% with time reversal 
%    R^-1 k + k = [  0.000000  1.000000 -0.000000 ]  in b_i
%          sig  = [(  0.000000 -1.000000i)  ( -0.000000  0.000000i)  
%                  (  0.000000  0.000000i)  (  0.000000  1.000000i)   ];
% <psi| Rot |psi>
       MxT( 1:    2,    1:    2)=[
( +0.830263E+00 -0.557372E+00i) ( -0.104430E-05 +0.151581E-04i) 
( -0.104430E-05 +0.151581E-04i) ( +0.745983E+00 +0.665965E+00i) 
];
% trace = (    +0.57625    +0.00000i)
