%                            vmat                              
%%%%%%%%%%%%%%%%%%%%%%%%%%%%%%%%%%%%%%%%%%%%%%%%%%%%%%%%%%%%%%%
%    k     =  0.00000000  0.00000000  0.00000000  in b_i
%    B1    =  0.80350863  0.46390592  0.11609353  in bohr^-1
%    B2    = -0.80350863  0.46390592  0.11609353  in bohr^-1
%    B3    =  0.00000000 -0.92781185  0.11609353  in bohr^-1
%    k     =  0.00000000  0.00000000  0.00000000  in bohr^-1
% On bands :   47   48   49   50
% 
% Rotation :
%            n  = [  0.000000  0.000000  1.000000] in cart.
%    rot_angle  =  120.000000 in deg.
%          det  =    1.000000
%      rot_tau  = [  0.000000  0.000000  0.000000] in direc.
%    R^-1 k - k = [  0.000000  0.000000  0.000000 ]  in b_i
%          sig  = [(  0.500000 -0.866025i)  (  0.000000  0.000000i)  
%                  (  0.000000  0.000000i)  (  0.500000  0.866025i)   ];
% <psi| Rot |psi>
       C3z( 1:    4,    1:    4)=[
( +0.500000E+00 +0.433636E+00i) ( +0.149322E+00 +0.734617E+00i) ( -0.291569E-09 +0.396852E-09i) ( +0.342366E-09 +0.418891E-09i) 
( -0.149322E+00 +0.734617E+00i) ( +0.500000E+00 -0.433636E+00i) ( +0.634062E-12 -0.572841E-09i) ( +0.481153E-09 +0.855998E-10i) 
( +0.291568E-09 +0.396852E-09i) ( -0.634017E-12 -0.572841E-09i) ( +0.500000E+00 +0.533703E+00i) ( -0.482112E+00 +0.482420E+00i) 
( -0.342366E-09 +0.418892E-09i) ( -0.481153E-09 +0.855996E-10i) ( +0.482112E+00 +0.482420E+00i) ( +0.500000E+00 -0.533703E+00i) 
];
% trace = (    +1.00000    +0.00000i)
