%                            vmat                              
%%%%%%%%%%%%%%%%%%%%%%%%%%%%%%%%%%%%%%%%%%%%%%%%%%%%%%%%%%%%%%%
%    k     =  0.00000000  0.00000000  0.00000000  in b_i
%    B1    =  0.80350863  0.46390592  0.11609353  in bohr^-1
%    B2    = -0.80350863  0.46390592  0.11609353  in bohr^-1
%    B3    =  0.00000000 -0.92781185  0.11609353  in bohr^-1
%    k     =  0.00000000  0.00000000  0.00000000  in bohr^-1
% On bands :   47   48   49   50
% 
% Rotation :
%            n  = [  1.000000  0.000000  0.000000] in cart.
%    rot_angle  =    0.000000 in deg.
%          det  =    1.000000
%      rot_tau  = [  0.000000  0.000000  0.000000] in direc.
% with time reversal 
%    R^-1 k + k = [  0.000000  0.000000  0.000000 ]  in b_i
%          sig  = [(  0.000000  0.000000i)  ( -1.000000  0.000000i)  
%                  (  1.000000  0.000000i)  (  0.000000  0.000000i)   ];
% <psi| Rot |psi>
         T( 1:    4,    1:    4)=[
( -0.631336E-16 +0.265675E-15i) ( +0.818054E+00 -0.575142E+00i) ( -0.143069E-09 -0.553324E-09i) ( +0.162396E-10 -0.369231E-09i) 
( -0.818054E+00 +0.575142E+00i) ( +0.311457E-15 -0.405479E-16i) ( +0.352141E-09 -0.112212E-09i) ( -0.571483E-09 +0.657770E-11i) 
( +0.143069E-09 +0.553324E-09i) ( -0.352141E-09 +0.112212E-09i) ( -0.142646E-15 -0.272365E-16i) ( +0.341249E+00 -0.939973E+00i) 
( -0.162397E-10 +0.369231E-09i) ( +0.571483E-09 -0.657776E-11i) ( -0.341249E+00 +0.939973E+00i) ( -0.875813E-17 +0.107533E-15i) 
];
% trace = (    +0.00000    +0.00000i)
