%                            vmat                              
%%%%%%%%%%%%%%%%%%%%%%%%%%%%%%%%%%%%%%%%%%%%%%%%%%%%%%%%%%%%%%%
%    k     =  0.00000000  0.00000000  0.00000000  in b_i
%    B1    =  0.80350863  0.46390592  0.11609353  in bohr^-1
%    B2    = -0.80350863  0.46390592  0.11609353  in bohr^-1
%    B3    =  0.00000000 -0.92781185  0.11609353  in bohr^-1
%    k     =  0.00000000  0.00000000  0.00000000  in bohr^-1
% On bands :   47   48   49   50
% 
% Rotation :
%            n  = [  1.000000  0.000000  0.000000] in cart.
%    rot_angle  =    0.000000 in deg.
%          det  =   -1.000000
%      rot_tau  = [  0.000000  0.000000  0.000000] in direc.
%    R^-1 k - k = [  0.000000  0.000000  0.000000 ]  in b_i
%          sig  = [(  1.000000  0.000000i)  (  0.000000  0.000000i)  
%                  (  0.000000  0.000000i)  (  1.000000  0.000000i)   ];
% <psi| Rot |psi>
         P( 1:    4,    1:    4)=[
( +0.100000E+01 -0.192787E-15i) ( +0.628464E-16 -0.279176E-15i) ( +0.252564E-09 +0.419026E-09i) ( +0.413272E-10 -0.527894E-09i) 
( +0.468436E-16 -0.269820E-16i) ( +0.100000E+01 +0.462052E-16i) ( +0.670838E-09 +0.613445E-09i) ( +0.898304E-09 +0.386552E-09i) 
( +0.252563E-09 -0.419026E-09i) ( +0.670838E-09 -0.613445E-09i) ( -0.100000E+01 -0.333060E-16i) ( +0.488327E-16 -0.562088E-15i) 
( +0.413270E-10 +0.527894E-09i) ( +0.898304E-09 -0.386552E-09i) ( -0.190343E-15 +0.422116E-15i) ( -0.100000E+01 +0.113177E-16i) 
];
% trace = (    +0.00000    +0.00000i)
