%                            vmat                              
%%%%%%%%%%%%%%%%%%%%%%%%%%%%%%%%%%%%%%%%%%%%%%%%%%%%%%%%%%%%%%%
%    k     =  0.00000000  0.00000000  0.00000000  in b_i
%    B1    =  0.80350863  0.46390592  0.11609353  in bohr^-1
%    B2    = -0.80350863  0.46390592  0.11609353  in bohr^-1
%    B3    =  0.00000000 -0.92781185  0.11609353  in bohr^-1
%    k     =  0.00000000  0.00000000  0.00000000  in bohr^-1
% On bands :   47   48   49   50
% <psi| sigma_x |psi>
      sigx( 1:    4,    1:    4)=[
( -0.195644E+00 +0.232912E-15i) ( +0.127592E-01 -0.505384E+00i) ( +0.274905E-08 -0.412778E-08i) ( -0.853483E-09 -0.136665E-08i) 
( +0.127592E-01 +0.505384E+00i) ( +0.195644E+00 -0.942834E-16i) ( -0.207498E-08 -0.356822E-08i) ( -0.260726E-10 +0.158018E-08i) 
( +0.274905E-08 +0.412778E-08i) ( -0.207498E-08 +0.356822E-08i) ( +0.739635E+00 +0.171933E-15i) ( -0.270460E+00 -0.548150E+00i) 
( -0.853483E-09 +0.136665E-08i) ( -0.260726E-10 -0.158018E-08i) ( -0.270460E+00 +0.548150E+00i) ( -0.739635E+00 -0.597395E-16i) 
];
% trace = (    +0.00000    +0.00000i)
% <psi| sigma_y |psi>
      sigy( 1:    4,    1:    4)=[
( -0.426499E+00 -0.818108E-16i) ( +0.286789E+00 +0.172346E+00i) ( -0.152936E-08 +0.151577E-08i) ( +0.444465E-09 -0.553370E-09i) 
( +0.286789E+00 -0.172346E+00i) ( +0.426499E+00 -0.355179E-16i) ( -0.201215E-08 +0.445736E-09i) ( +0.615656E-09 -0.103905E-08i) 
( -0.152936E-08 -0.151577E-08i) ( -0.201215E-08 -0.445736E-09i) ( -0.154784E+00 -0.209082E-15i) ( +0.749558E+00 -0.578690E+00i) 
( +0.444465E-09 +0.553370E-09i) ( +0.615656E-09 +0.103905E-08i) ( +0.749558E+00 +0.578690E+00i) ( +0.154784E+00 -0.206700E-15i) 
];
% trace = (    +0.00000    +0.00000i)
% <psi| sigma_z |psi>
      sigz( 1:    4,    1:    4)=[
( -0.421424E-01 +0.949986E-16i) ( -0.713929E-01 +0.145117E-01i) ( +0.539942E-09 -0.351220E-08i) ( -0.163147E-08 +0.176377E-08i) 
( -0.713929E-01 -0.145117E-01i) ( +0.421424E-01 +0.143876E-16i) ( +0.470907E-08 +0.154423E-08i) ( -0.469372E-09 -0.133664E-08i) 
( +0.539942E-09 +0.351220E-08i) ( +0.470907E-08 -0.154423E-08i) ( -0.566373E+00 +0.705644E-17i) ( -0.511951E+00 -0.511624E+00i) 
( -0.163147E-08 -0.176377E-08i) ( -0.469372E-09 +0.133664E-08i) ( -0.511951E+00 +0.511624E+00i) ( +0.566373E+00 +0.783630E-17i) 
];
% trace = (    +1.00000    +0.00000i)
