%                            vmat                              
%%%%%%%%%%%%%%%%%%%%%%%%%%%%%%%%%%%%%%%%%%%%%%%%%%%%%%%%%%%%%%%
%    k     =  0.00000000  0.00000000  0.00000000  in b_i
%    B1    =  0.80350863  0.46390592  0.11609353  in bohr^-1
%    B2    = -0.80350863  0.46390592  0.11609353  in bohr^-1
%    B3    =  0.00000000 -0.92781185  0.11609353  in bohr^-1
%    k     =  0.00000000  0.00000000  0.00000000  in bohr^-1
% On bands :   47   48   49   50
% 
% Rotation :
%            n  = [  1.000000  0.000000  0.000000] in cart.
%    rot_angle  =  180.000000 in deg.
%          det  =    1.000000
%      rot_tau  = [  0.000000  0.000000  0.000000] in direc.
%    R^-1 k - k = [  0.000000  0.000000  0.000000 ]  in b_i
%          sig  = [(  0.000000  0.000000i)  (  0.000000 -1.000000i)  
%                  (  0.000000 -1.000000i)  (  0.000000  0.000000i)   ];
% <psi| Rot |psi>
       C2x( 1:    4,    1:    4)=[
( +0.482110E-17 +0.360912E+00i) ( -0.932303E+00 -0.235374E-01i) ( -0.133405E-09 -0.490581E-09i) ( -0.246671E-09 -0.251472E-09i) 
( +0.932303E+00 -0.235374E-01i) ( -0.107417E-15 -0.360912E+00i) ( +0.671908E-09 +0.497629E-10i) ( -0.344250E-09 -0.143124E-09i) 
( +0.133404E-09 -0.490581E-09i) ( -0.671908E-09 +0.497625E-10i) ( -0.100808E-15 +0.770839E+00i) ( +0.571276E+00 -0.281870E+00i) 
( +0.246671E-09 -0.251472E-09i) ( +0.344250E-09 -0.143124E-09i) ( -0.571276E+00 -0.281870E+00i) ( -0.668311E-16 -0.770839E+00i) 
];
% trace = (    +1.00000    +0.00000i)
